MSE: 0.012975283910601765
RMSE: 0.11390910372135216
MAE: 0.06160063781949878
R²: 0.9881720599125612
